structure(c(478.25, 478.25, 478.5, 478.5, 478.5, 478.25, 478.25, 
478.25, 478, 478, 478, 478, 478, 477.75, 477.75, 477.75, 477.75, 
477.75, 477.5, 477.5, 477.5, 477.75, 478, 478.25, 478.25, 478.25, 
478.25, 478.5, 478.75, 478.75, 478.5, 479, 479.25, 479, 479.25, 
479.25, 479.5, 479.5, 479.5, 479.75, 480, 479.5, 479.75, 479.75, 
479.5, 479.25, 479.25, 479, 479, 479, 478.75, 479.5, 479.75, 
480, 480, 480, 479.75, 479.5, 479.25, 479, 479.25, 479.25, 479.5, 
479.5, 479.25, 479, 479, 478.5, 479, 479, 478.75, 478.5, 478.25, 
478.5, 478.5, 478.5, 478.75, 479, 478.75, 478.75, 478.75, 478.5, 
478.5, 478.5, 478.5, 478.75, 478.75, 478.75, 479, 479, 479, 479, 
479, 479, 478.75, 478.75, 478.75, 478.75, 478.5, 478.5, 478.5, 
478.75, 478.75, 478.75, 479, 479, 479, 479, 478.75, 479, 478.75, 
479, 479.25, 479.25, 479.5, 479.25, 479, 479.25, 479, 479, 479, 
479, 479, 478.75, 478.75, 479, 479, 479.25, 479, 479, 479, 478.75, 
478.75, 478.5, 478.5, 478.5, 478.25, 478.5, 478.25, 478.25, 478.25, 
478.5, 478.5, 478.5, 478.5, 478.25, 478.5, 478.75, 478.75, 478.75, 
478.75, 478.75, 478.5, 478.5, 478, 478, 478, 478.25, 478.25, 
478.25, 478.25, 478, 478.25, 478.25, 478.25, 478, 478, 478.25, 
478, 478.25, 478.25, 478.25, 478.25, 478.25, 478.5, 478.75, 479, 
479.25, 479, 479, 479, 479, 479, 479, 479, 479, 479, 479, 479.25, 
479, 478.75, 479, 479, 478.75, 478.75, 478.75, 479, 479.25, 479.25, 
479.25, 479.25, 479.25, 479.25, 479.25, 479, 479, 479.25, 479.25, 
479.25, 479.25, 479, 479, 479, 479, 479, 479, 479, 479, 478.75, 
479, 479.25, 479.5, 479.25, 479.5, 479.5, 479.25, 479, 479, 479, 
478.75, 478.75, 478.75, 478.75, 478.75, 478.75, 478.5, 478.75, 
478.75, 478.75, 478.75, 479, 479, 479.25, 479.25, 479.25, 479, 
479.5, 479.5, 479.5, 479.5, 479, 478.75, 478.75, 478.5, 478.5, 
478.25, 478.25, 478.25, 478.25, 478.25, 478.25, 478.25, 478.25, 
478.25, 478.5, 478.25, 478.25, 478.25, 478, 478, 478.25, 478.25, 
478.5, 478.5, 478.25, 478.25, 478.5, 478.25, 478.5, 478.5, 478.5, 
478.75, 478.75, 478.75, 479, 479, 479, 478.75, 478.75, 478.75, 
479, 479, 479.25, 479.25, 479.25, 479.25, 479.25, 479.5, 479.5, 
479.5, 479.5, 479.5, 479.25, 479.5, 479.5, 479.5, 479.5, 479.5, 
479.5, 479.5, 479.5, 479.5, 479.25, 479.25, 479.25, 479, 479, 
479, 479, 479, 479, 479.25, 479, 479, 479, 479, 479, 479, 479, 
479, 479, 479, 479, 479, 479, 479, 479, 479, 479, 479, 479.25, 
479.25, 479, 479, 479.25, 479.25, 479.25, 479.25, 479.25, 479.25, 
479.25, 479.25, 479.25, 479.25, 479, 479.25, 479, 479.5, 479.25, 
479.25, 479.5, 479.25, 479.25, 479.25, 479.25, 479.25, 479.5, 
479.25, 479.25, 479.25, 479.25, 479.25, 479, 479, 479, 479, 478.75, 
479, 479, 478.5, 478.5, 478.75, 478.5, 478.5, 478.25, 478.25, 
478.25, 478.25, 478.25, 478.25, 478.25, 478.5, 478.5, 478.5, 
478.5, 478.5, 478.5, 478.5, 478.25, 478.25, 478.5, 478.5, 478.75, 
478.75, 478.75, 478.75, 478.75, 479, 478.5, 478.5, 478.5, 478.25, 
478, 478, 478, 478, 477.75, 477.75, 477.75, 477.75, 477.75, 478, 
478, 478, 478, 478, 478, 478, 478, 478.25, 478.25, 478.25, 478.25, 
478.25, 478.25, 478.5, 478.5, 478.25, 478.5, 478.25, 478.25, 
478.25, 478.25, 478.5, 478.5, 478.5, 478.5, 478.25, 478.25, 478.25, 
478.5, 478.5, 478.5, 478.25, 478.25, 478.25, 478.25, 478.5, 478.5, 
478.5, 478.5, 478.5, 478.5, 478.5, 478.5, 478.5, 478.25, 478.5, 
478.25, 478.25, 478.25, 478.5, 478.5, 478.5, 478.5, 478.25, 478.25, 
478.25, 478.5, 478.5, 478.5, 478.25, 478.25, 478.25, 478.25, 
478.25, 478, 478.25, 478.25, 478, 478, 478, 478, 478, 478, 478, 
477.75, 478, 478, 478, 478, 478, 478, 478.25, 478, 478, 478.25, 
478.25, 478.25, 478.25, 478, 478, 478, 478, 478, 478, 478.25, 
478.5, 478.5, 478.5, 478.75, 478.75, 478.75, 478.75, 478.5, 478.5, 
478.25, 478.5, 478.5, 478.75, 478.75, 478.75, 478.75, 478.75, 
478.75, 479, 478.75, 478.5, 478.25, 478.25, 478.5, 478.5, 478.5, 
478.5, 478.5, 478.5, 478.25, 478.25, 478, 478.25, 478.25, 478.25, 
478.25, 478.5, 478.5, 478.75, 479, 478.75, 478.75, 479, 479, 
479, 478.75, 478.75, 479, 478.75, 479, 478.75, 478.5, 478.5, 
478.5, 478.5, 478.5, 478.5, 478.75, 478.75, 478.75, 478.75, 478.5, 
478.5, 478.5, 478.5, 478.5, 478.5, 478.75, 479, 478.75, 479, 
478.75, 478.75, 478.75, 478.75, 478.75, 478.75, 478.5, 478.5, 
478.5, 478.5, 478.25, 478.5, 478.5, 478.5, 478.5, 478.25, 478.25, 
478.25, 478.25, 478, 478.25, 478.25, 478, 478.25, 478.25, 478, 
478, 478, 478, 478.25, 478, 478, 478, 477.75, 477.75, 477.75, 
477.75, 477.5, 477.5, 477.5, 477.5, 477.5, 477.75, 477.5, 477.5, 
477.5, 477.25, 477.5, 477.5, 477.5, 477.5, 477.75, 477.75, 477.75, 
477.75, 477.5, 477.5, 477.5, 477.5, 477.75, 477.75, 478, 478, 
477.75, 477.75, 477.75, 478, 478, 478.25, 478.25, 478, 478, 477.75, 
477.75, 477.75, 477.75, 477.5, 477.5, 477.5, 477.5, 477.5, 477.75, 
477.75, 477.75, 477.75, 477.75, 477.75, 477.5, 477.5, 477.25, 
477.25, 477.25, 477.25, 477.5, 477.5, 477.5, 477.5, 477.5, 477.5, 
477.75, 477.75, 477.75, 478, 478, 478, 478, 478, 477.75, 477.75, 
477.75, 477.75, 477.75, 477.5, 477.5, 477.5, 477.5, 477.5, 477.75, 
477.75, 477.75, 477.75, 477.75, 477.75, 477.75, 477.5, 477.75, 
478, 478, 478, 478, 478, 477.75, 477.5, 477.75, 477.75, 478, 
478, 478, 478, 478, 478.25, 478.25, 478.25, 478.25, 478.25, 478, 
478, 477.75, 477.75, 478, 478, 478, 478, 478, 477.75, 477.5, 
477.75, 477.5, 477.75, 477.75, 477.75, 478, 477.75, 477.75, 477.5, 
477.5, 477.5, 477.5, 477.5, 477.25, 477.5, 477.75, 477.5, 477.5, 
477.75, 477.75, 477.75, 477.75, 477.75, 477.75, 477.75, 477.5, 
477.5, 477.75, 477.5, 477.5, 477.5, 477.5, 477.5, 477.5, 477.5, 
477.5, 477.5, 477.5, 477.5, 477.5, 477.5, 477.5, 477.5, 477.5, 
477.5, 477.5, 477.5, 477.5, 477.5, 477.5, 477.5, 477.5, 477.75, 
477.5, 477.5, 477.25, 477.25, 477.25, 477.25, 477.25, 477.25, 
477.25, 477.25, 477.25, 477, 477, 477, 477, 477, 477, 477, 477, 
477, 477, 477, 477, 477, 477, 477, 476.75, 476.75, 476.75, 476.75, 
476.75, 476.75, 477, 477, 477, 477, 477, 477.25, 477, 477.25, 
477, 477.25, 477.25, 477, 477, 477, 477, 477, 477, 477, 477.25, 
477, 477.25, 477, 477, 477, 477, 477, 477, 477, 477, 477, 477, 
477, 477, 477, 477, 477, 477, 477, 477, 477, 477, 477, 477, 477, 
477, 477, 477, 477, 477, 477, 477, 477, 477, 477, 477, 477, 477, 
477, 477, 477, 477.25, 477.25, 477.25, 477.25, 477.25, 477.25, 
477.25, 477.25, 477, 477, 477, 477.25, 477, 477.25, 477, 477.25, 
477.25, 477.25, 477.25, 477.25, 477.25, 477.25, 477.25, 477.25, 
477.25, 477.5, 477.75, 477.75, 477.75, 477.5, 477.5, 477.5, 477.25, 
477.25, 477.25, 477.25, 477.25, 477.25, 477.25, 477.5, 477.5, 
477.5, 477.5, 477.5, 477.25, 477.5, 477.5, 477.5, 477.5, 477.5, 
477.5, 477.5, 477.5, 477.5, 477.75, 477.75, 478, 478, 478, 478, 
478.25, 478, 478, 478, 478, 478, 478, 478, 478, 478, 478, 478, 
478, 478, 478, 477.75, 477.75, 477.75, 477.5, 477.5, 477.5, 477.5, 
477.5, 477.75, 477.75, 477.75, 477.75, 478, 478, 478, 478, 478.25, 
478.25, 478.25, 478.25, 478.25, 478.25, 478.25, 478.25, 478.25, 
478.25, 478, 478, 478, 478.5, 478.5, 478.25, 478.25, 478.25, 
478.5, 478.5, 478.5, 478.5, 478.5, 478.5, 478.5, 478.5, 478.5, 
478.5, 478.5, 478.5, 478.75, 478.75, 478.75, 478.75, 478.75, 
479, 478.75, 478.75, 478.75, 478.75, 479, 478.75, 478.75, 478.75, 
478.75, 478.75, 478.75, 478.5, 478.5, 478.5, 478.5, 478.5, 478.25, 
478.5, 478.5, 478.5, 478.5, 478.5, 478.5, 478.5, 478.25, 478, 
478, 478, 478.25, 478.25, 478.25, 478.5, 478.5, 478.25, 478.5, 
478.5, 478.5, 478.5, 478.5, 478.5, 478.5, 478.5, 478.5, 478.5, 
478.5, 478.75, 478.75, 479, 479, 479, 479.25, 479.25, 479, 479, 
478.5, 478.75, 478.75, 478.5, 478.5, 478.75, 478.75, 478.75, 
478.75, 478.75, 479, 479.25, 479.25, 479.5, 479.5, 479.75, 479.75, 
479.75, 479.75, 479.75, 479.75, 479.75, 479.75, 479.75, 479.75, 
479.75, 479.75, 479.75, 479.75, 480, 480, 480, 480.25, 480.25, 
480.25, 480, 480, 480, 480, 480, 480, 480, 480, 480, 479.75, 
479.75, 480, 480, 480, 480, 480, 479.75, 479.75, 479.75, 479.75, 
480, 479.75, 480, 480, 480, 480, 480, 480.25, 480.5, 480.25, 
480.25, 480.25, 480.25, 480, 480, 480, 480, 480, 479.75, 479.75, 
480, 479.75, 479.75, 480, 480, 480, 480, 480, 480.25, 480, 480.25, 
480.25, 480.25, 480.25, 480.25, 480.5, 480.5, 480.5, 480.5, 480.5, 
480.5, 480.5, 480.5, 480.5, 480.5, 480.5, 480.5, 480.5, 480.5, 
480.5, 480.5, 480.5, 480.5, 480.5, 480.5, 480.5, 480.5, 480.5, 
480.5, 480.75, 480.75, 480.75, 480.75, 480.5, 480.75, 480.75, 
480.75, 480.75, 480.75, 480.75, 480.75, 480.75, 480.5, 480.5, 
480.75, 480.5, 480.75, 480.75, 480.75, 480.75, 480.75, 480.75, 
480.75, 480.75, 480.75, 480.5, 480.75, 480.5, 480.5, 480.75, 
480.75, 480.5, 480.5, 480.75, 480.5, 480.5, 480.5, 480.75, 480.75, 
480.5, 480.75, 480.75, 480.75, 480.75, 480.5, 480.75, 480.75, 
480.75, 480.75, 480.75, 480.75, 480.75, 480.75, 480.75, 480.75, 
480.5, 480.75, 480.75, 480.5, 480.75, 480.75, 480.75, 480.75, 
480.75, 480.75, 480.75, 481, 481, 481, 480.75, 481, 481.5, 481, 
481, 481, 481.25, 481.25, 481.25, 481.25, 481.25, 481.25), .indexCLASS = c("POSIXct", 
"POSIXt"), tclass = c("POSIXct", "POSIXt"), .indexTZ = "", tzone = "", class = c("xts", 
"zoo"), index = structure(c(1454337000.113, 1454337000.117, 1454337001.037, 
1454337001.27, 1454337001.498, 1454337011.001, 1454337011.008, 
1454337011.015, 1454337011.124, 1454337012.326, 1454337012.331, 
1454337014.673, 1454337014.908, 1454337015.332, 1454337016.275, 
1454337017.225, 1454337022.776, 1454337022.78, 1454337022.805, 
1454337022.839, 1454337022.865, 1454337027.167, 1454337029.392, 
1454337033.306, 1454337037.18, 1454337037.292, 1454337037.294, 
1454337042.741, 1454337043.182, 1454337047.972, 1454337048.295, 
1454337061.379, 1454337064.97, 1454337068.496, 1454337080.248, 
1454337090.761, 1454337099.125, 1454337107.603, 1454337107.608, 
1454337115.31, 1454337121.03, 1454337128.88, 1454337130.903, 
1454337155.943, 1454337155.96, 1454337156.87, 1454337156.88, 
1454337160.819, 1454337162.588, 1454337182.446, 1454337191.25, 
1454337196.187, 1454337205.317, 1454337208.687, 1454337208.69, 
1454337208.695, 1454337245.305, 1454337245.336, 1454337245.637, 
1454337253.639, 1454337268.733, 1454337272.09, 1454337280.742, 
1454337280.747, 1454337288.235, 1454337288.249, 1454337288.254, 
1454337302.304, 1454337316.012, 1454337320.251, 1454337347.052, 
1454337356.008, 1454337378.392, 1454337387.474, 1454337388.784, 
1454337409.496, 1454337417.191, 1454337420.501, 1454337429.746, 
1454337432.901, 1454337440.772, 1454337447.969, 1454337450.077, 
1454337463.509, 1454337465.992, 1454337475.436, 1454337475.693, 
1454337477.936, 1454337489.223, 1454337489.228, 1454337489.283, 
1454337489.286, 1454337492.608, 1454337493.737, 1454337503.156, 
1454337503.399, 1454337504.902, 1454337504.905, 1454337506.158, 
1454337517.847, 1454337565.533, 1454337579.19, 1454337579.196, 
1454337624.064, 1454337627.448, 1454337639.657, 1454337639.661, 
1454337675.27, 1454337690.287, 1454337693.238, 1454337707.516, 
1454337721.986, 1454337740.8, 1454337748.349, 1454337748.387, 
1454337748.406, 1454337752.667, 1454337752.825, 1454337785.945, 
1454337785.975, 1454337788.804, 1454337792.577, 1454337806.723, 
1454337815.053, 1454337855.662, 1454337873.513, 1454337930.032, 
1454337937.69, 1454337939.81, 1454337943.855, 1454337943.858, 
1454337970.855, 1454337987.657, 1454337997.855, 1454337997.857, 
1454337997.861, 1454337999.68, 1454338000.304, 1454338002.084, 
1454338003.041, 1454338017.292, 1454338039.189, 1454338039.193, 
1454338039.202, 1454338039.414, 1454338064.571, 1454338067.412, 
1454338083.298, 1454338098.137, 1454338098.159, 1454338101.126, 
1454338120.418, 1454338126.952, 1454338129.421, 1454338189.33, 
1454338204.298, 1454338204.303, 1454338217.015, 1454338224.239, 
1454338225.285, 1454338243.122, 1454338251.712, 1454338271.932, 
1454338276.168, 1454338310.054, 1454338370.897, 1454338382.218, 
1454338423.847, 1454338429.51, 1454338452.618, 1454338523.518, 
1454338523.521, 1454338527.358, 1454338573.524, 1454338600.156, 
1454338604.256, 1454338612.061, 1454338614.056, 1454338621.786, 
1454338623.021, 1454338625.05, 1454338626.334, 1454338646.626, 
1454338646.72, 1454338682.11, 1454338682.115, 1454338690.61, 
1454338716.559, 1454338773.907, 1454338790.204, 1454338795.035, 
1454338812.069, 1454338815.802, 1454338849.058, 1454338854.024, 
1454338854.052, 1454338935.676, 1454338974.34, 1454338982.026, 
1454338983.004, 1454338984, 1454339001.518, 1454339016.688, 1454339018.841, 
1454339074.483, 1454339085.409, 1454339120.558, 1454339120.854, 
1454339125.874, 1454339125.923, 1454339139.251, 1454339139.257, 
1454339140.455, 1454339147.237, 1454339147.25, 1454339147.254, 
1454339147.258, 1454339147.305, 1454339147.43, 1454339154.524, 
1454339195.346, 1454339196.262, 1454339197.095, 1454339199.396, 
1454339199.405, 1454339200.575, 1454339276.866, 1454339278.589, 
1454339278.598, 1454339307.57, 1454339312.303, 1454339312.308, 
1454339312.328, 1454339319.284, 1454339322.825, 1454339328.328, 
1454339355.159, 1454339403.253, 1454339403.259, 1454339403.277, 
1454339432.068, 1454339432.074, 1454339432.385, 1454339433.08, 
1454339437.886, 1454339450.666, 1454339545.495, 1454339551.172, 
1454339551.189, 1454339571.421, 1454339580.421, 1454339580.431, 
1454339586.935, 1454339624.736, 1454339629.783, 1454339630.628, 
1454339630.637, 1454339631.028, 1454339633.31, 1454339637.338, 
1454339655.429, 1454339678.455, 1454339731.253, 1454339731.313, 
1454339744.423, 1454339769.454, 1454339769.459, 1454339805.138, 
1454339815.623, 1454339815.626, 1454339825.056, 1454339854.656, 
1454339860.54, 1454339860.583, 1454339873.471, 1454339873.481, 
1454339886.998, 1454339901.914, 1454339930.323, 1454339966.215, 
1454339975.994, 1454339988.304, 1454340004.211, 1454340026.572, 
1454340039.635, 1454340039.64, 1454340051.115, 1454340059.367, 
1454340059.37, 1454340063.378, 1454340085.399, 1454340085.402, 
1454340085.417, 1454340085.423, 1454340091.871, 1454340091.879, 
1454340091.92, 1454340109.197, 1454340109.202, 1454340109.546, 
1454340145.54, 1454340150.371, 1454340175.446, 1454340184.749, 
1454340186.323, 1454340224.682, 1454340248.77, 1454340275.39, 
1454340293.335, 1454340293.339, 1454340293.343, 1454340293.349, 
1454340300.533, 1454340300.536, 1454340308.957, 1454340308.961, 
1454340308.964, 1454340318.262, 1454340318.285, 1454340329.124, 
1454340362.707, 1454340369.106, 1454340382.052, 1454340411.387, 
1454340411.559, 1454340411.855, 1454340412.184, 1454340441.485, 
1454340441.643, 1454340442.017, 1454340443.59, 1454340467.31, 
1454340467.338, 1454340467.354, 1454340467.372, 1454340470.212, 
1454340470.216, 1454340488.197, 1454340499.897, 1454340499.901, 
1454340520.869, 1454340577.393, 1454340586.165, 1454340616.389, 
1454340622.949, 1454340639.208, 1454340717.323, 1454340734.757, 
1454340745.921, 1454340771.624, 1454340775.962, 1454340775.966, 
1454340776.693, 1454340879.601, 1454340884.359, 1454340903.951, 
1454340945.943, 1454340946.49, 1454341065.626, 1454341065.632, 
1454341149.261, 1454341170.664, 1454341171.013, 1454341171.208, 
1454341241.676, 1454341241.695, 1454341265.69, 1454341274.108, 
1454341274.111, 1454341276.745, 1454341277.883, 1454341277.929, 
1454341329.804, 1454341503.873, 1454341503.997, 1454341504.001, 
1454341504.167, 1454341506.128, 1454341525.4, 1454341648.177, 
1454341654.347, 1454341737.552, 1454341789.465, 1454341795.472, 
1454341809.918, 1454341809.924, 1454341870.66, 1454341940.962, 
1454342028.363, 1454342060.112, 1454342101.073, 1454342148.391, 
1454342148.398, 1454342148.404, 1454342148.409, 1454342148.419, 
1454342148.425, 1454342154.47, 1454342240.987, 1454342242.915, 
1454342262.898, 1454342270.582, 1454342366.181, 1454342366.187, 
1454342366.193, 1454342366.201, 1454342366.245, 1454342366.25, 
1454342427.565, 1454342427.57, 1454342427.603, 1454342503.358, 
1454342604.116, 1454342611.64, 1454342611.678, 1454342673.045, 
1454342674.844, 1454342674.848, 1454342674.853, 1454342674.857, 
1454342696.79, 1454342700.865, 1454342700.869, 1454342700.873, 
1454342700.877, 1454342700.881, 1454342700.887, 1454342700.912, 
1454342701.26, 1454342707.162, 1454342741.231, 1454342750.791, 
1454342845.096, 1454342905.894, 1454342907.705, 1454342920.242, 
1454342967.572, 1454342986.212, 1454343027.186, 1454343036.846, 
1454343036.85, 1454343036.853, 1454343036.858, 1454343255.419, 
1454343255.534, 1454343266.573, 1454343300.252, 1454343339.772, 
1454343340.223, 1454343428.707, 1454343442.664, 1454343442.678, 
1454343455.891, 1454343529.431, 1454343531.181, 1454343586.309, 
1454343601.192, 1454343613.767, 1454343625.077, 1454343677.463, 
1454343695.794, 1454343695.81, 1454343695.838, 1454343696.244, 
1454343696.753, 1454343699.819, 1454343780.398, 1454343831.094, 
1454343853.948, 1454343853.971, 1454343854.482, 1454343862.335, 
1454343878.661, 1454343880.765, 1454343914.804, 1454343920.764, 
1454343955.698, 1454343955.76, 1454343970.439, 1454343999.543, 
1454344026.065, 1454344070.229, 1454344084.334, 1454344084.346, 
1454344085.821, 1454344090.523, 1454344167.443, 1454344221.036, 
1454344239.753, 1454344252.323, 1454344255.629, 1454344268.8, 
1454344273.106, 1454344273.111, 1454344295.176, 1454344307.604, 
1454344308.716, 1454344310.735, 1454344310.747, 1454344310.755, 
1454344310.76, 1454344325.34, 1454344325.346, 1454344326.873, 
1454344339.916, 1454344349.97, 1454344386.109, 1454344386.113, 
1454344386.117, 1454344386.122, 1454344445.136, 1454344445.158, 
1454344445.383, 1454344452.406, 1454344456.231, 1454344474.462, 
1454344501.769, 1454344507.806, 1454344519.364, 1454344562.555, 
1454344578.49, 1454344578.493, 1454344587.551, 1454344705.598, 
1454344722.627, 1454344732.379, 1454344737.697, 1454344738.374, 
1454344740.308, 1454344846.235, 1454344865.574, 1454344865.579, 
1454344865.583, 1454344865.587, 1454344865.592, 1454344871.19, 
1454344872.823, 1454344877.895, 1454344882.769, 1454344882.773, 
1454344883.672, 1454344918.51, 1454344918.513, 1454344965.126, 
1454344972.58, 1454345003.891, 1454345041.466, 1454345043.026, 
1454345048.167, 1454345056.441, 1454345058.63, 1454345071.386, 
1454345074.229, 1454345081.055, 1454345165.796, 1454345170.647, 
1454345178.613, 1454345181.559, 1454345182.554, 1454345197.223, 
1454345208.04, 1454345211.98, 1454345229.046, 1454345229.43, 
1454345310.011, 1454345332.166, 1454345371.35, 1454345398.846, 
1454345410.014, 1454345410.077, 1454345410.09, 1454345415.193, 
1454345416.754, 1454345503.805, 1454345522.926, 1454345534.716, 
1454345534.719, 1454345553.253, 1454345556.678, 1454345558.852, 
1454345563.437, 1454345619.055, 1454345680.235, 1454345680.256, 
1454345769.878, 1454345806.019, 1454345854.592, 1454345860.606, 
1454345909.785, 1454345910.258, 1454345935.619, 1454345938.337, 
1454345949.946, 1454345996.048, 1454346008.598, 1454346026.066, 
1454346026.985, 1454346142.022, 1454346205.842, 1454346241.705, 
1454346276.812, 1454346312.932, 1454346337.634, 1454346348.065, 
1454346348.081, 1454346381.051, 1454346412.49, 1454346479.124, 
1454346486.069, 1454346515.978, 1454346560.876, 1454346579.65, 
1454346615.018, 1454346638.729, 1454346638.734, 1454346641.869, 
1454346643.805, 1454346644.911, 1454346649.387, 1454346649.389, 
1454346660.929, 1454346674.221, 1454346674.229, 1454346674.234, 
1454346674.792, 1454346685.62, 1454346685.625, 1454346685.644, 
1454346685.648, 1454346685.651, 1454346685.801, 1454346685.853, 
1454346687.278, 1454346688.385, 1454346698.124, 1454346721.671, 
1454346721.68, 1454346721.694, 1454346721.699, 1454346737.028, 
1454346751.349, 1454346754.671, 1454346758.341, 1454346770.553, 
1454346771.21, 1454346771.321, 1454346774.478, 1454346821.164, 
1454346823.593, 1454346839.146, 1454346843.01, 1454346948.798, 
1454346951.92, 1454346965.01, 1454346991.99, 1454347010.036, 
1454347021.859, 1454347021.864, 1454347023.951, 1454347032.131, 
1454347081.538, 1454347177.717, 1454347238.488, 1454347241.474, 
1454347249.682, 1454347249.704, 1454347256.889, 1454347259.781, 
1454347293.096, 1454347334.847, 1454347335.171, 1454347335.174, 
1454347335.178, 1454347335.198, 1454347338.482, 1454347378.561, 
1454347394.571, 1454347443.761, 1454347443.765, 1454347443.769, 
1454347443.863, 1454347534.261, 1454347611.434, 1454347611.554, 
1454347611.573, 1454347611.577, 1454347627.868, 1454347632.13, 
1454347634.039, 1454347634.171, 1454347647.038, 1454347647.83, 
1454347649.094, 1454347650.662, 1454347681.459, 1454347691.296, 
1454347704.505, 1454347715.104, 1454347715.107, 1454347721.137, 
1454347727.953, 1454347727.954, 1454347727.958, 1454347727.971, 
1454347734.034, 1454347739.458, 1454347739.46, 1454347740.368, 
1454347749.613, 1454347752.701, 1454347755.784, 1454347860.009, 
1454347863.888, 1454347924.041, 1454347953.264, 1454347984.127, 
1454347988.357, 1454347988.412, 1454347989.165, 1454348008.949, 
1454348102.513, 1454348260.56, 1454348274.358, 1454348275.898, 
1454348279.81, 1454348279.814, 1454348281.504, 1454348282.904, 
1454348284.211, 1454348284.472, 1454348294.481, 1454348308.122, 
1454348314.37, 1454348353.451, 1454348353.457, 1454348393.376, 
1454348393.391, 1454348485.422, 1454348641.145, 1454348653.096, 
1454348655.183, 1454348674.939, 1454348704.389, 1454348730.411, 
1454348738.632, 1454348762.01, 1454348788.285, 1454348840.529, 
1454348886.675, 1454348977.798, 1454348984.577, 1454348995.471, 
1454348995.947, 1454349021.759, 1454349021.761, 1454349021.766, 
1454349051.103, 1454349054.325, 1454349069.196, 1454349071.638, 
1454349125.386, 1454349125.389, 1454349177.149, 1454349177.153, 
1454349185.605, 1454349188.983, 1454349188.989, 1454349207.957, 
1454349216.87, 1454349245.458, 1454349245.463, 1454349245.542, 
1454349267.933, 1454349287.545, 1454349376.661, 1454349376.666, 
1454349376.67, 1454349376.674, 1454349376.678, 1454349376.691, 
1454349411.821, 1454349468.953, 1454349468.971, 1454349469.018, 
1454349487.049, 1454349543.726, 1454349568.02, 1454349568.024, 
1454349568.029, 1454349568.032, 1454349568.034, 1454349571.808, 
1454349638.095, 1454349647.374, 1454349647.384, 1454349668, 1454349669.545, 
1454349686.538, 1454349692.682, 1454349727.927, 1454349745.277, 
1454349745.378, 1454349745.582, 1454349745.602, 1454349745.622, 
1454349811.962, 1454349812.463, 1454349812.468, 1454349902.116, 
1454349902.619, 1454349909.495, 1454349909.506, 1454349909.51, 
1454349909.512, 1454349909.515, 1454349909.519, 1454349909.521, 
1454349909.525, 1454349909.538, 1454349909.543, 1454349909.546, 
1454349909.557, 1454349911.612, 1454349915.337, 1454349915.347, 
1454349915.358, 1454349915.379, 1454349916.249, 1454349917.21, 
1454349919.788, 1454349936.304, 1454349936.307, 1454349936.31, 
1454349945.068, 1454350045.198, 1454350127.54, 1454350133.326, 
1454350144.555, 1454350169.45, 1454350230.545, 1454350249.972, 
1454350249.985, 1454350255.592, 1454350255.731, 1454350255.741, 
1454350255.751, 1454350257.006, 1454350268.502, 1454350342.301, 
1454350369.103, 1454350377.087, 1454350379.104, 1454350382.902, 
1454350391.094, 1454350395.746, 1454350395.778, 1454350402.224, 
1454350419.562, 1454350498.308, 1454350598.386, 1454350624.388, 
1454350693.529, 1454350722.127, 1454350756.84, 1454350781.924, 
1454350800.034, 1454350843.792, 1454350872.653, 1454350910.608, 
1454350972.992, 1454351035.129, 1454351063.725, 1454351119.083, 
1454351119.089, 1454351156.527, 1454351216.062, 1454351249.333, 
1454351287.094, 1454351287.103, 1454351287.108, 1454351287.118, 
1454351287.141, 1454351287.154, 1454351295.343, 1454351297.485, 
1454351297.495, 1454351297.823, 1454351298.452, 1454351302.279, 
1454351302.323, 1454351302.333, 1454351317.984, 1454351317.987, 
1454351318.074, 1454351351.502, 1454351356.778, 1454351379.913, 
1454351379.922, 1454351393.125, 1454351395.095, 1454351465.047, 
1454351468.988, 1454351525.043, 1454351534.953, 1454351585.043, 
1454351619.777, 1454351780.431, 1454351804.082, 1454351833.207, 
1454351901.31, 1454351901.315, 1454351907.517, 1454351914.216, 
1454351915.855, 1454351927.817, 1454351951.487, 1454351953.686, 
1454351955.636, 1454351970.038, 1454351970.042, 1454351970.078, 
1454351978.85, 1454351988.013, 1454351988.017, 1454352015.412, 
1454352015.416, 1454352029.181, 1454352080.405, 1454352186.257, 
1454352231.728, 1454352265.515, 1454352332.849, 1454352363.027, 
1454352378.057, 1454352431.894, 1454352462.05, 1454352538.992, 
1454352550.692, 1454352560.86, 1454352571.057, 1454352618.597, 
1454352621.3, 1454352631.529, 1454352645.054, 1454352645.064, 
1454352649.513, 1454352657.535, 1454352657.598, 1454352657.807, 
1454352658.827, 1454352658.833, 1454352660.247, 1454352662.762, 
1454352662.774, 1454352664.184, 1454352664.645, 1454352670.185, 
1454352679.358, 1454352702.072, 1454352702.094, 1454352703.97, 
1454352734.986, 1454352745.497, 1454352745.503, 1454352764.625, 
1454352766.477, 1454352773.506, 1454352777.244, 1454352777.249, 
1454352797.105, 1454352797.141, 1454352871.11, 1454352879.118, 
1454352893.754, 1454352901.764, 1454352904.28, 1454352946.689, 
1454352946.699, 1454352957.03, 1454352958.479, 1454353003.903, 
1454353006.651, 1454353014.973, 1454353019.613, 1454353042.94, 
1454353043.626, 1454353087.828, 1454353093.355, 1454353135.968, 
1454353144.944, 1454353144.951, 1454353144.97, 1454353144.975, 
1454353212.548, 1454353212.592, 1454353242.278, 1454353242.283, 
1454353245.023, 1454353254.631, 1454353255.77, 1454353258.408, 
1454353259.529, 1454353260.894, 1454353260.899, 1454353262.13, 
1454353262.223, 1454353274.186, 1454353275.979, 1454353277.584, 
1454353292.012, 1454353302.485, 1454353302.487, 1454353302.538, 
1454353331.467, 1454353333.072, 1454353333.435, 1454353337.665, 
1454353337.668, 1454353339.673, 1454353357.214, 1454353379.115, 
1454353401.968, 1454353401.973, 1454353407.134, 1454353416.555, 
1454353420.302, 1454353454.987, 1454353460.487, 1454353460.489, 
1454353460.495, 1454353460.52, 1454353460.549, 1454353482.191, 
1454353489.956, 1454353500.045, 1454353510.116, 1454353510.12, 
1454353510.127, 1454353521.804, 1454353540.304, 1454353542.353, 
1454353557.889, 1454353557.894, 1454353557.896, 1454353559.113, 
1454353596.843, 1454353626.851, 1454353666.649, 1454353666.855, 
1454353693.97, 1454353749.931, 1454353749.934, 1454353749.939, 
1454353753.799, 1454353754.495, 1454353754.525, 1454353755.871, 
1454353761.999, 1454353765.97, 1454353780.865, 1454353780.87, 
1454353796.148, 1454353798.655, 1454353802.256, 1454353816.748, 
1454353819.672, 1454353821.853, 1454353834.835, 1454353835.756, 
1454353841.961, 1454353841.979, 1454353841.997, 1454353842.012, 
1454353855.167, 1454353855.178, 1454353863.899, 1454353863.901, 
1454353863.906, 1454353880.368, 1454353881.065, 1454353882.398, 
1454353894.545, 1454353933.253, 1454353934.17, 1454353941.571, 
1454353954.187, 1454353954.52, 1454353956.436, 1454353975.37, 
1454353975.462, 1454353975.553, 1454353975.609, 1454353975.615, 
1454353975.645, 1454353976.52, 1454353977.44, 1454353977.446, 
1454353977.661, 1454353977.664, 1454353985.834, 1454353985.864, 
1454353986.04, 1454353991.123, 1454353991.134, 1454353991.289, 
1454353991.749, 1454353991.851, 1454353991.855, 1454353991.945, 
1454353995.025, 1454353995.038, 1454353995.21, 1454353997.61, 
1454353998.816, 1454354001.973, 1454354002.059, 1454354007.408, 
1454354008.44, 1454354012.001, 1454354012.384, 1454354016.029, 
1454354020.879, 1454354020.884, 1454354020.889, 1454354023.614, 
1454354028.235, 1454354031.97, 1454354032.252, 1454354032.259, 
1454354032.262, 1454354033.944, 1454354034.019, 1454354038.52, 
1454354040.2, 1454354040.222, 1454354041.011, 1454354041.014, 
1454354041.017, 1454354042.784, 1454354043.15, 1454354043.153, 
1454354043.158, 1454354044.019, 1454354045.546, 1454354046.468, 
1454354046.606, 1454354047.663, 1454354047.669, 1454354048.308, 
1454354048.8, 1454354049.282, 1454354049.286, 1454354049.643, 
1454354050.993, 1454354051.012, 1454354051.07, 1454354052.025, 
1454354052.202, 1454354052.912, 1454354053.143, 1454354053.185, 
1454354053.833, 1454354054.59, 1454354054.64, 1454354055.158, 
1454354055.16, 1454354055.176, 1454354055.188, 1454354055.223, 
1454354055.374, 1454354055.429, 1454354056.589, 1454354057.57, 
1454354058.022, 1454354058.324, 1454354058.333, 1454354059.031, 
1454354059.352, 1454354059.358, 1454354059.66, 1454354059.757, 
1454354060.551, 1454354060.694, 1454354060.699, 1454354061.434, 
1454354061.437, 1454354061.952, 1454354062.115, 1454354062.395, 
1454354063.298, 1454354063.532, 1454354064.024, 1454354064.145, 
1454354064.876, 1454354065.802, 1454354066.338, 1454354067.633, 
1454354067.638, 1454354067.92, 1454354068.531, 1454354068.608, 
1454354070.027, 1454354070.396, 1454354070.72, 1454354072.244, 
1454354072.913, 1454354073.158, 1454354075.105, 1454354075.92, 
1454354076.022, 1454354077.068, 1454354077.297, 1454354077.726, 
1454354077.733, 1454354078.678, 1454354078.69, 1454354078.823, 
1454354078.897, 1454354079.877, 1454354080.928, 1454354081.441, 
1454354082.125, 1454354083.872, 1454354084.201, 1454354085.132, 
1454354085.195, 1454354086.065, 1454354086.432, 1454354086.964, 
1454354087.1, 1454354088.022, 1454354088.253, 1454354089.724, 
1454354090.446, 1454354091.575, 1454354092.485, 1454354092.639, 
1454354094.024, 1454354094.548, 1454354094.831, 1454354095.031, 
1454354095.058, 1454354095.245, 1454354096.033, 1454354097.025, 
1454354098.007, 1454354098.018, 1454354098.023, 1454354098.532, 
1454354099.045, 1454354100.038, 1454354128.181, 1454354134.521, 
1454354135.102, 1454354178.204, 1454354182.363, 1454354194.486, 
1454354239.627, 1454354265.292, 1454354265.65, 1454354265.653, 
1454354293.67, 1454354301.271, 1454354305.87, 1454354370.082, 
1454354381.713), tzone = "", tclass = c("POSIXct", "POSIXt")), .Dim = c(1266L, 
1L), .Dimnames = list(NULL, "Price"))
